22 68 116 116
38 40 104 148
34 60 64 148
48 88 56 92
44 68 70 84
30 92 96 76
40 52 108 84
52 36 116 156
42 120 42 124
38 96 44 148
22 84 110 108
26 76 100 100
34 64 98 116
30 52 120 148
20 80 122 124
26 84 112 92
30 72 104 100
24 68 94 156
50 36 134 156
36 52 100 132
32 48 100 164
30 56 100 116
38 52 86 148
34 76 58 140
48 56 76 156
40 80 72 116
26 68 100 140
36 60 70 132
42 52 76 164
28 60 94 172
32 68 76 164
28 76 64 188
32 60 82 164
38 80 50 156
34 76 68 132
34 112 82 84
52 92 48 116
42 80 78 100
42 68 88 92
56 56 92 116
40 60 86 100
40 72 78 124
38 72 82 100
38 68 100 108
52 64 68 132
44 96 52 100
32 80 104 92
36 76 108 84
28 92 114 84
30 120 78 92
42 56 106 92
50 56 104 92
34 56 120 100
36 64 108 108
48 48 106 132
58 48 130 108
52 48 98 156
42 104 48 132
44 120 48 108
34 128 54 132
40 108 56 124
34 92 62 124
40 96 50 132
30 96 54 172
22 88 106 156
26 100 106 84
30 88 98 92
22 100 104 132
24 76 118 108
30 112 90 108
24 84 88 148
26 88 78 132
28 64 108 116
26 80 96 148
24 88 106 108
32 84 102 92
34 104 80 100
34 64 96 132
32 68 90 140
36 76 74 116
20 84 118 172
24 60 116 164
36 48 110 148
26 68 78 204
30 76 70 172
22 80 100 164
26 56 106 164
26 72 86 156
30 72 94 108
40 68 62 132
28 72 96 140
30 60 96 148
24 68 112 140
32 48 94 180
26 60 94 204
32 56 84 164
34 76 86 124
38 48 108 140
36 76 64 124
32 84 70 156
28 92 58 180
32 92 54 156
50 56 82 140
56 48 88 172
38 56 72 188
40 80 56 140
30 48 88 196
26 88 70 196
30 80 60 180
26 76 80 164
32 108 64 148
30 72 70 188
36 72 60 180
44 80 60 124
36 100 90 100
48 96 40 164
44 88 48 140
36 88 52 156
42 108 60 116
40 76 80 92
54 56 98 108
48 68 60 180
38 72 80 116
40 64 62 164
38 84 60 132
40 56 94 132
46 80 56 116
44 72 118 76
28 120 96 100
32 120 62 140
32 104 82 108
46 48 130 116
50 48 144 108
36 60 118 108
44 56 90 132
36 68 94 124
32 72 78 156
48 112 46 116
38 116 78 92
36 128 60 116
42 108 62 108
36 92 68 108
32 100 74 140
32 116 68 132
32 124 58 140
32 80 76 124
34 108 56 148
34 92 80 116
22 72 112 148
24 88 84 196
24 116 102 100
28 116 88 108
26 100 92 108
28 76 112 92
24 88 96 140
28 72 82 148
26 84 72 196
30 92 64 164
26 92 74 180
28 88 62 180
24 100 84 140
26 64 102 132
22 84 96 212
44 52 98 132
24 80 84 212
32 80 66 164
28 72 70 204
28 56 90 212
30 104 86 116
30 56 96 180
26 84 88 124
40 84 66 116
30 60 90 164
24 72 90 188
34 44 96 236
28 60 84 180
28 80 78 172
24 88 86 172
30 108 80 124
40 56 70 204
30 104 74 132
38 72 56 172
42 92 62 116
34 80 82 108
42 84 48 164
42 84 114 76
54 44 118 116
28 84 72 172
34 128 72 108
36 104 92 92
34 116 74 116
30 112 72 140
24 76 108 140
24 64 120 148
28 100 76 156
30 72 66 196
24 104 80 188
26 100 68 188
32 56 80 228
36 56 80 188
36 52 86 212
36 44 98 188
46 76 54 188
48 48 128 116
