25 116 181 266
27 104 187 274
33 88 155 338
31 96 149 258
43 72 129 366
39 84 127 266
35 92 127 290
33 132 191 138
49 56 147 382
33 84 177 330
31 92 171 250
51 52 167 358
35 96 173 202
37 100 193 170
37 88 177 206
41 80 187 198
55 48 151 386
37 116 145 170
31 124 167 178
39 120 165 138
33 128 187 146
25 120 157 286
27 120 163 222
27 124 139 298
31 116 123 278
29 116 135 318
29 152 173 138
23 136 163 222
25 124 169 230
23 148 183 182
29 140 135 190
23 148 157 198
27 148 211 150
29 136 211 150
71 148 115 86
73 172 87 106
81 164 129 78
73 136 125 86
79 140 119 86
65 124 103 102
87 144 125 82
65 112 87 134
83 140 95 102
67 148 75 122
77 120 85 118
67 136 59 154
77 108 69 150
77 148 59 150
85 92 97 146
81 76 89 182
71 76 83 194
71 120 57 178
71 104 67 162
59 128 57 198
57 124 61 190
37 156 79 298
27 172 113 210
25 156 125 266
25 148 127 234
27 168 109 222
33 140 89 250
27 188 113 206
27 152 123 194
39 180 215 78
63 188 145 70
71 192 151 66
69 160 45 210
69 176 41 226
61 180 45 234
53 172 153 70
55 176 135 78
61 180 119 86
63 156 123 82
65 180 95 102
73 172 137 74
55 180 173 62
31 180 191 106
51 128 93 142
47 120 107 146
47 148 141 86
49 152 123 94
57 132 111 98
79 152 133 78
59 156 83 118
59 136 87 118
75 144 51 174
71 148 51 174
71 164 47 190
63 168 51 198
59 144 67 150
59 124 71 150
39 144 167 102
41 104 135 174
55 104 77 182
41 116 119 166
39 160 159 94
49 164 57 258
43 144 65 290
65 184 41 242
57 188 45 250
33 128 125 194
39 140 115 150
37 148 87 198
35 124 101 222
41 136 91 178
37 144 83 210
45 148 67 210
39 128 75 242
43 148 67 250
55 152 51 234
55 136 55 226
63 140 49 218
63 156 45 234
55 160 49 242
47 128 67 202
49 132 69 186
37 148 95 182
37 164 87 194
41 152 97 158
45 168 71 194
29 168 167 114
31 164 143 130
25 168 135 170
33 140 109 186
33 164 131 138
35 144 111 170
29 172 123 170
33 152 159 122
35 148 135 138
37 164 153 98
39 160 129 114
29 172 137 146
49 164 89 138
45 172 81 170
47 148 71 186
49 152 73 170
35 160 199 98
43 164 167 82
45 172 187 74
79 172 49 174
39 104 103 246
43 108 77 266
57 104 69 194
41 148 189 94
45 136 195 94
53 156 209 74
69 152 171 70
69 84 53 302
67 80 57 294
69 88 51 322
69 72 61 306
73 84 51 322
61 68 73 306
73 68 61 306
53 96 61 342
67 156 35 334
97 160 31 286
89 148 33 262
77 160 31 302
81 156 31 302
83 144 35 242
51 76 75 302
67 84 55 286
75 88 49 278
65 80 59 278
59 76 67 262
55 64 87 310
95 120 41 218
85 132 41 206
95 104 51 202
63 48 107 378
77 48 95 310
73 44 103 350
83 60 75 258
73 52 83 314
77 56 83 262
57 76 89 222
59 80 73 230
81 112 45 226
83 116 39 286
75 92 47 298
67 72 63 290
61 72 77 234
57 72 75 270
79 88 47 298
81 92 47 254
71 68 63 290
71 64 69 270
63 68 71 282
65 72 67 230
79 72 57 282
81 76 57 238
69 64 69 290
89 116 39 230
89 100 49 214
55 148 47 330
65 164 37 314
61 164 41 298
63 128 43 298
59 128 47 282
59 112 51 274
63 136 41 306
67 116 45 266
67 132 41 282
59 136 45 290
51 104 63 250
47 100 71 290
69 120 45 246
67 116 49 238
57 108 49 326
57 116 47 334
55 112 51 326
53 104 57 302
49 100 65 342
63 100 51 274
61 96 55 266
71 140 35 310
77 132 37 258
75 136 35 310
77 124 39 250
43 68 189 262
59 44 189 330
51 52 201 330
49 60 191 250
47 64 195 242
55 48 199 318
57 44 203 362
57 56 179 218
47 68 189 210
61 48 179 250
69 48 205 218
59 48 171 266
51 56 183 266
63 52 195 210
49 60 177 258
87 44 213 218
77 48 207 202
75 100 177 106
87 60 207 154
83 64 193 146
59 72 199 158
71 72 183 142
69 76 173 138
73 72 169 142
75 96 171 110
69 92 155 118
63 40 173 358
61 40 187 390
63 44 155 294
23 156 191 178
79 116 153 90
73 112 137 98
77 80 145 134
85 88 183 118
75 84 153 126
41 80 131 242
47 56 187 354
43 64 179 346
45 60 181 346
45 60 191 334
41 68 183 326
43 64 185 326
39 76 177 246
47 60 157 334
43 72 149 254
41 76 153 234
55 68 119 210
59 64 107 222
55 60 115 262
47 68 127 262
59 48 151 302
55 60 143 222
47 68 155 222
45 80 155 186
57 60 149 198
47 72 159 190
65 64 135 174
53 128 179 90
65 84 147 134
69 80 143 138
71 48 175 214
59 56 143 222
61 56 169 198
67 52 179 198
63 56 165 190
53 68 175 182
75 56 165 174
63 60 125 198
71 60 151 166
59 104 113 122
53 104 115 134
65 100 129 114
69 124 141 86
61 112 109 110
61 100 93 142
65 88 117 138
63 44 135 330
77 48 143 218
79 52 131 206
69 60 125 190
59 92 109 142
53 76 135 178
65 68 113 174
25 168 221 154
51 76 197 166
87 76 153 138
89 48 203 198
47 84 171 162
65 92 129 126
83 84 127 134
79 96 107 130
91 52 149 194
83 52 99 242
77 48 107 246
73 44 115 286
59 96 121 130
65 72 125 162
59 72 127 174
81 84 115 142
77 68 107 178
71 64 115 182
61 68 103 202
65 64 91 214
61 60 99 254
57 44 195 370
49 80 205 162
57 108 179 106
67 72 181 146
59 88 177 130
73 44 199 238
77 40 171 270
81 40 193 254
59 104 159 110
57 116 155 98
61 40 179 398
73 36 161 338
89 36 159 310
83 36 175 298
87 36 197 282
79 36 167 314
79 36 147 330
89 40 203 238
95 36 207 266
59 148 141 78
61 156 161 70
65 136 169 78
31 88 197 366
29 96 191 286
51 52 155 386
47 60 147 378
49 60 123 366
51 56 125 366
47 68 117 286
45 72 121 266
51 68 115 246
43 76 127 246
41 92 115 230
63 52 107 306
67 48 109 310
75 48 101 270
39 132 181 110
59 52 111 342
45 84 115 226
47 76 119 230
55 64 93 278
47 72 105 278
45 88 93 262
69 56 87 278
63 64 85 238
47 88 115 198
49 112 177 110
43 120 193 110
45 88 179 158
49 128 187 94
55 96 151 126
75 44 169 234
45 128 143 110
49 112 123 130
55 112 133 106
49 112 135 118
53 124 129 94
53 112 113 126
63 128 89 118
63 116 73 150
61 44 141 370
91 44 149 234
77 44 115 270
81 40 173 262
73 40 123 310
93 48 137 222
45 120 155 110
39 128 177 118
47 100 127 150
51 104 129 126
49 92 131 154
49 96 103 178
53 100 105 154
51 88 107 182
53 92 91 190
55 84 95 194
59 84 85 190
33 144 187 122
41 120 93 198
45 116 81 210
39 136 219 106
37 128 195 122
41 112 187 130
49 148 207 82
27 108 185 278
29 112 175 226
29 100 181 266
31 100 181 234
25 128 201 226
37 84 143 354
31 104 147 290
35 84 157 338
29 124 147 250
35 96 161 242
33 104 151 246
29 116 145 266
35 92 137 274
33 116 145 210
33 100 171 238
37 88 151 238
37 100 131 274
35 100 151 234
31 116 153 226
33 104 143 282
37 100 139 238
39 96 163 226
43 68 151 358
41 76 133 346
41 88 121 318
45 68 131 366
37 112 125 258
39 80 155 254
39 80 149 258
41 80 123 286
35 104 133 238
35 88 155 278
37 100 129 278
33 112 123 298
35 88 149 282
37 92 135 282
35 112 131 258
37 88 145 298
37 136 195 118
31 160 189 130
35 124 195 150
37 132 161 146
37 124 165 162
35 124 187 158
37 112 185 166
35 108 177 186
31 144 191 138
35 128 167 154
35 120 167 178
53 56 145 342
47 60 151 362
37 80 165 346
35 80 179 330
35 92 183 234
41 108 133 206
35 88 159 266
33 112 167 202
37 84 173 230
39 92 145 238
37 96 161 230
55 52 165 318
49 56 171 338
49 64 165 302
49 56 161 350
33 112 157 206
39 96 185 186
37 104 175 190
31 112 173 202
39 100 175 178
35 116 177 170
37 96 169 202
41 104 197 150
41 100 205 154
39 108 195 158
41 100 163 178
33 108 191 190
33 116 193 170
39 92 189 190
37 120 197 138
35 112 193 170
41 92 181 186
35 104 161 210
41 88 189 190
39 96 179 194
35 100 163 222
33 96 175 226
33 104 177 206
37 108 181 174
39 92 187 198
43 72 169 238
45 84 191 178
45 80 199 182
53 80 171 174
39 92 173 214
37 96 187 198
41 100 191 166
61 48 133 346
59 48 149 346
53 52 155 366
53 52 145 378
39 108 149 182
47 120 139 130
33 144 145 150
31 128 171 170
41 120 147 146
39 116 141 170
33 116 171 190
35 124 179 162
33 124 147 186
29 132 181 178
33 124 163 178
43 120 177 122
35 148 165 118
43 120 135 146
35 128 163 158
37 132 165 138
37 132 191 126
35 120 191 158
37 128 157 154
29 136 185 166
35 120 183 166
31 140 187 146
27 128 159 274
29 108 177 286
25 120 165 270
27 116 159 286
25 136 147 226
29 128 165 210
27 136 141 262
29 128 157 226
31 124 165 198
27 140 167 190
29 104 157 342
33 112 141 286
29 120 141 298
31 124 121 310
33 124 125 266
37 136 107 214
33 96 141 322
39 92 133 258
35 120 115 238
29 112 163 306
29 116 143 302
31 112 137 318
33 116 117 330
31 144 177 150
33 136 181 138
29 148 189 162
27 152 185 158
31 128 159 186
31 148 149 154
31 140 149 178
25 128 167 234
27 136 175 206
25 152 145 202
31 112 161 218
27 140 165 198
27 116 173 242
29 124 181 214
31 108 183 210
33 104 157 218
29 128 171 206
25 140 187 194
27 148 195 166
27 140 157 206
25 160 207 174
25 144 159 198
31 132 139 202
33 140 147 174
31 132 157 194
33 144 137 166
31 148 129 214
25 140 161 210
27 148 169 182
29 136 159 186
27 152 159 174
31 152 215 130
31 148 223 134
29 124 197 198
33 140 163 158
33 140 215 130
31 128 215 162
33 136 223 134
31 112 197 198
31 132 187 166
75 128 123 94
69 152 101 102
77 160 99 98
65 144 133 82
59 140 131 90
71 148 127 82
65 144 125 90
89 128 117 94
71 124 123 98
71 116 103 118
67 120 91 126
61 112 97 138
69 108 101 134
57 120 95 130
63 104 103 134
67 120 97 118
87 124 135 90
75 148 103 98
79 132 79 126
69 144 101 106
73 140 75 138
63 156 73 142
63 136 69 158
71 116 93 122
77 136 75 134
83 120 105 114
83 112 85 134
69 128 93 114
71 116 83 130
81 104 85 146
59 152 63 182
65 116 63 202
65 112 71 178
71 104 77 154
77 124 59 166
69 144 69 138
67 152 69 138
81 104 83 150
69 116 77 146
75 88 73 198
75 100 85 150
83 96 79 178
79 116 79 134
77 124 79 134
69 112 69 182
69 156 67 146
89 84 109 162
87 92 109 138
75 104 99 138
85 72 103 182
83 76 75 218
87 100 73 166
69 80 107 166
75 72 97 186
83 84 95 174
69 72 95 206
71 92 73 210
73 84 89 186
67 100 71 174
65 128 53 226
63 128 65 174
75 112 61 210
75 100 81 162
65 112 63 210
63 112 75 158
71 124 71 146
73 92 71 210
75 96 71 194
73 112 77 146
61 112 83 170
55 108 71 194
51 136 65 194
65 148 53 190
51 128 65 238
63 120 61 230
57 140 53 258
61 128 65 182
57 144 65 174
59 112 65 238
57 136 77 158
49 124 69 230
61 116 65 222
57 140 71 174
31 152 115 234
25 152 141 218
35 176 99 210
31 176 115 186
25 168 131 202
29 180 107 234
29 136 127 290
31 140 109 282
27 148 121 286
27 140 133 314
29 128 129 258
27 128 171 218
29 140 131 222
27 128 145 278
33 124 137 214
31 132 111 250
27 156 121 258
31 152 117 214
31 148 111 246
31 160 113 210
35 172 95 222
29 156 113 270
31 160 117 190
29 152 117 270
37 120 91 274
33 132 109 258
31 156 101 226
35 120 107 294
41 116 99 230
33 160 93 234
35 128 93 298
41 140 81 210
37 160 81 258
35 148 95 234
35 192 99 206
31 180 121 174
31 132 125 218
31 128 143 202
29 132 141 238
35 128 133 174
29 160 145 170
27 172 121 194
31 156 125 170
29 160 129 178
29 160 117 218
43 156 235 86
41 188 201 78
33 180 221 102
69 164 133 78
57 184 151 70
77 168 139 74
73 180 167 66
73 140 47 234
59 156 49 242
57 172 71 170
73 156 43 250
67 148 47 218
59 152 51 226
57 156 61 186
57 152 161 78
61 156 137 86
49 172 163 78
67 172 117 94
69 172 111 90
69 136 125 90
67 136 131 90
71 172 147 74
71 160 97 110
63 176 113 94
69 168 107 94
65 168 131 78
51 172 183 74
59 160 181 70
51 168 197 78
49 176 183 70
35 152 165 110
39 176 177 90
43 144 97 170
47 136 91 162
49 132 105 158
53 156 105 126
57 128 79 150
55 112 93 170
51 112 103 174
45 104 127 182
39 136 111 174
43 128 105 166
45 100 111 194
45 116 123 154
45 112 129 170
53 120 93 154
53 148 101 130
45 132 123 138
49 116 109 154
39 148 133 130
47 160 159 82
43 156 139 106
45 144 149 102
49 144 129 110
49 152 169 82
41 148 147 110
47 136 125 118
39 152 155 102
55 144 119 106
47 132 151 102
45 160 121 114
45 180 149 90
43 148 151 94
51 148 111 118
61 148 105 110
43 152 129 118
49 140 107 126
41 156 137 110
57 148 101 114
55 156 107 102
53 156 115 110
45 160 111 134
53 140 109 118
55 128 127 106
59 128 99 122
49 136 125 114
51 172 87 146
55 164 81 138
53 176 101 126
51 160 97 134
63 124 101 118
69 144 83 130
57 152 101 110
51 152 91 146
57 160 89 130
55 144 85 138
57 132 103 126
57 124 89 146
51 140 101 134
63 120 87 146
73 124 55 222
75 156 67 142
75 128 61 158
67 148 55 182
63 164 55 202
69 128 55 222
81 136 51 186
75 156 57 158
75 140 55 206
65 144 59 174
59 160 77 134
63 152 59 190
63 184 61 182
51 160 71 178
69 132 67 162
61 152 77 134
57 140 85 142
63 108 81 150
51 140 75 178
57 148 73 162
57 116 87 150
51 124 79 190
61 132 81 134
67 132 65 166
57 112 79 174
59 140 81 134
39 128 173 126
39 136 147 126
41 144 155 110
47 144 147 102
39 124 163 134
41 96 155 182
43 100 111 202
43 112 119 174
47 108 117 190
45 108 137 150
41 124 139 142
47 108 125 154
57 84 121 166
59 88 87 182
51 104 91 218
63 92 93 170
55 124 81 166
47 104 85 222
57 112 95 158
59 96 81 214
53 116 93 174
59 112 73 182
57 120 83 166
47 132 103 166
45 92 139 174
45 124 105 162
45 120 121 142
39 128 135 158
43 136 179 102
43 132 159 114
41 144 147 118
35 168 157 114
35 172 183 106
33 160 165 118
39 148 143 126
45 152 167 86
49 144 145 102
49 164 65 242
47 124 67 314
51 144 57 250
45 120 75 306
61 168 47 274
53 164 61 202
37 108 127 218
33 120 145 202
45 112 99 210
35 128 123 202
37 132 127 170
33 148 129 162
39 132 115 174
43 144 119 142
43 128 137 130
43 124 123 150
31 148 137 182
45 140 101 158
41 144 111 158
35 148 107 182
37 144 139 134
41 128 89 222
35 128 115 206
45 140 79 202
41 152 89 174
35 144 105 190
39 156 81 222
37 104 145 206
35 116 121 230
47 108 75 238
31 124 133 254
37 104 119 266
37 120 97 242
39 128 103 198
37 132 95 246
41 128 91 202
45 116 93 202
43 116 135 162
41 128 111 186
49 128 83 182
45 140 95 170
45 124 113 158
45 120 99 178
41 156 95 162
47 136 77 186
43 140 87 186
45 120 91 206
41 124 85 234
37 136 103 218
45 136 75 214
41 132 111 178
45 120 93 190
49 132 77 178
43 176 79 222
53 124 77 190
41 108 119 226
39 120 95 250
41 108 93 286
49 120 85 194
39 148 79 226
41 116 79 290
37 140 91 234
33 136 111 238
39 136 101 210
45 128 71 266
43 168 71 234
49 176 61 234
51 144 63 242
59 132 53 258
57 132 55 250
63 148 47 226
59 116 57 250
59 120 65 226
61 156 51 218
47 136 63 266
53 132 59 218
57 136 57 218
67 124 59 218
61 136 53 210
67 136 47 258
61 152 49 226
59 140 51 266
53 156 53 234
51 108 69 226
51 112 77 202
49 140 77 170
49 116 71 250
55 132 61 210
45 140 83 194
39 156 93 186
53 112 71 210
53 116 79 186
53 136 73 178
53 120 91 166
49 144 85 154
41 132 77 226
41 124 115 190
49 152 81 162
39 140 97 210
45 136 107 158
49 128 107 138
39 148 107 166
37 144 111 162
49 148 75 178
47 156 81 166
43 196 83 206
45 160 105 154
33 148 169 138
31 152 189 134
33 152 175 114
37 148 163 118
31 168 155 122
37 168 147 114
31 144 153 162
31 156 143 154
35 140 163 138
35 168 147 122
35 148 151 130
39 164 123 130
27 172 135 162
33 160 127 162
37 168 127 138
29 144 155 178
27 148 153 214
25 156 151 194
31 172 117 186
37 120 111 210
37 116 129 194
39 168 103 170
43 116 109 202
31 152 125 178
35 148 103 210
33 148 135 154
37 140 151 146
37 168 135 130
29 156 157 166
37 152 153 118
43 164 121 130
31 164 135 158
35 160 121 154
33 160 135 138
39 124 113 194
39 120 131 178
43 136 103 174
39 132 133 150
37 152 109 178
37 140 105 190
39 148 113 146
37 152 121 154
25 164 149 198
27 172 127 190
29 168 127 170
37 128 179 130
37 144 133 146
37 136 167 122
41 132 155 126
35 144 155 142
35 128 145 170
31 164 159 122
35 140 135 162
39 124 155 146
43 140 127 142
39 136 157 118
39 132 143 138
37 140 131 158
41 140 173 106
41 156 127 122
37 176 171 94
41 148 161 98
37 152 137 130
39 140 139 146
39 152 129 138
43 140 131 138
47 152 121 118
43 164 133 106
39 172 147 110
43 144 137 114
41 156 117 138
47 156 107 134
35 168 121 146
45 164 113 122
33 156 147 146
37 148 147 126
29 156 147 178
37 176 107 170
57 156 81 142
53 168 93 130
53 148 97 138
43 184 107 146
41 168 103 154
53 148 91 150
45 152 77 186
45 160 87 178
49 196 65 218
49 124 81 202
47 156 97 154
39 176 97 170
53 136 83 170
53 156 77 162
51 160 83 154
49 168 83 154
53 176 57 218
37 160 181 98
41 140 167 110
49 144 169 90
47 140 187 90
45 160 143 98
41 160 211 90
85 180 45 202
43 100 127 194
43 92 119 226
49 100 97 242
39 100 125 238
41 100 99 266
33 120 133 246
43 108 105 222
39 124 107 214
45 108 93 226
47 104 101 214
47 96 93 246
55 100 87 202
41 128 73 274
43 104 99 258
45 108 85 258
49 96 87 294
45 96 81 314
37 116 113 262
61 92 85 174
69 100 59 218
53 104 99 186
57 124 73 178
57 116 85 162
49 104 77 234
55 100 81 206
61 96 73 226
37 144 185 114
37 152 209 106
43 132 177 106
55 156 177 74
55 148 195 82
73 112 45 290
61 84 61 342
71 108 49 282
59 80 65 334
73 116 43 310
57 72 73 306
77 112 43 310
55 100 57 350
65 128 41 326
91 140 35 294
83 128 37 270
75 132 37 294
79 128 37 294
73 140 39 274
79 124 47 234
49 96 71 310
51 72 97 294
53 76 83 294
51 96 79 286
53 72 93 310
49 88 91 294
53 84 81 294
69 96 61 262
71 112 47 274
59 84 63 326
69 84 57 278
81 108 45 270
79 116 41 266
73 84 53 270
67 92 65 254
69 108 51 266
63 76 65 278
57 80 67 318
67 80 61 270
63 72 69 310
53 96 73 274
53 88 85 222
57 80 75 254
59 72 89 254
53 92 71 310
59 96 71 246
55 72 85 286
49 84 93 322
49 76 105 270
61 60 87 318
53 64 111 322
59 68 79 270
97 128 37 254
77 148 45 234
79 108 57 222
83 108 53 230
87 140 37 242
79 128 49 206
81 140 47 222
89 80 67 218
91 92 67 202
83 104 63 202
89 100 59 202
67 48 107 366
65 48 119 370
67 52 99 338
69 68 75 278
71 52 99 326
83 52 87 306
69 52 101 306
87 56 105 230
81 80 63 226
77 68 71 254
81 76 73 226
87 68 87 234
73 48 111 266
67 60 79 310
69 48 101 338
69 56 83 314
81 52 113 234
71 64 79 258
73 52 101 286
75 52 95 274
57 80 127 190
45 92 115 206
53 84 87 242
63 76 75 230
57 88 79 226
59 100 77 214
61 88 75 222
61 92 83 198
65 64 79 278
55 76 81 270
63 92 79 194
65 100 69 222
55 84 83 246
63 88 69 230
87 116 47 214
75 108 55 242
81 96 55 210
85 120 39 242
79 120 39 286
75 76 57 282
77 92 57 258
65 68 69 290
67 88 53 306
69 72 65 282
63 84 61 282
67 64 79 274
57 76 119 206
57 68 85 274
65 84 83 198
65 84 63 274
59 72 71 282
63 68 79 242
51 92 81 282
51 84 93 230
45 88 101 254
59 88 63 290
59 64 87 282
85 108 47 238
79 88 59 266
73 96 51 262
73 68 65 282
73 56 79 318
75 60 99 242
75 76 61 238
67 60 87 294
69 60 81 282
73 80 61 246
65 76 105 198
69 68 97 202
53 88 93 214
65 92 71 214
65 72 85 222
69 88 67 214
75 84 81 206
61 68 85 254
69 68 81 238
67 80 77 214
67 80 73 222
65 88 77 214
85 104 49 226
85 92 57 222
83 84 67 222
61 88 59 310
69 64 77 274
65 60 87 314
75 68 89 230
89 120 53 198
85 88 65 214
77 100 61 214
53 140 53 306
69 160 37 290
63 120 49 298
67 124 43 274
67 104 57 262
65 132 47 266
63 124 57 238
57 108 55 266
61 112 53 266
69 156 37 298
61 132 45 298
73 136 41 258
71 128 51 230
65 112 49 258
65 120 55 250
73 152 37 274
65 128 45 274
65 156 41 282
57 132 49 282
55 112 61 242
61 108 67 242
51 124 67 234
55 116 69 214
59 108 57 258
47 108 73 266
41 112 89 250
49 80 89 334
55 92 73 250
75 140 41 238
71 120 53 230
67 116 59 230
55 116 53 306
61 104 49 326
57 92 59 310
57 100 55 326
55 124 51 314
61 112 47 334
55 100 59 314
53 120 55 306
53 96 63 306
55 96 59 318
51 112 61 282
57 96 65 270
57 92 67 302
47 108 69 322
49 92 83 318
65 112 57 250
69 84 65 254
63 100 59 258
61 108 55 254
63 108 61 242
61 96 63 250
59 104 59 246
69 136 39 302
77 116 47 242
69 136 41 266
73 132 39 302
73 112 55 250
75 120 43 242
45 68 201 250
45 64 185 282
47 60 211 330
55 48 185 358
47 64 193 250
57 52 179 250
43 76 199 218
41 84 171 226
55 56 183 242
59 44 183 346
53 52 203 298
53 52 193 310
63 52 183 246
51 60 187 238
59 52 185 242
55 60 181 218
53 64 205 202
49 64 185 230
45 72 191 210
67 44 183 278
63 56 155 218
53 56 191 250
63 52 189 226
71 56 181 186
59 52 143 314
63 52 153 258
57 56 165 246
57 52 165 258
55 52 167 294
65 48 201 234
55 56 163 258
45 68 187 258
53 56 161 286
47 64 175 258
75 48 193 210
83 44 211 230
73 52 193 194
73 104 199 106
81 64 191 162
75 68 197 150
77 68 177 154
75 80 189 130
81 68 215 146
57 84 201 150
57 80 227 158
53 76 183 166
59 92 203 126
65 76 167 150
67 68 201 166
73 84 211 130
85 68 189 150
73 108 173 102
61 100 177 114
73 100 193 110
67 104 157 110
67 88 171 126
63 96 139 126
73 76 155 146
67 40 173 346
63 48 127 342
57 52 151 290
67 48 147 254
61 52 149 274
61 48 149 286
69 48 175 234
25 164 177 178
31 136 179 166
27 160 193 154
25 132 177 226
25 152 167 194
29 148 143 186
65 120 159 94
77 120 175 90
71 108 153 106
69 132 129 90
75 76 161 142
75 80 133 142
81 76 159 142
79 88 151 126
81 76 207 134
77 104 179 102
73 96 173 114
73 80 169 134
73 84 141 134
69 88 137 134
43 96 111 250
51 88 83 266
39 84 163 250
43 80 143 230
43 84 153 222
45 84 133 218
41 100 135 210
45 64 155 334
49 60 167 326
51 60 159 322
41 72 155 338
41 72 161 334
43 68 159 314
37 76 193 334
47 64 171 306
43 68 157 338
45 64 161 314
39 72 195 334
41 84 185 214
41 72 173 266
35 84 187 254
41 72 183 254
53 68 143 222
47 64 135 342
57 48 165 334
53 60 135 310
45 84 113 262
53 60 157 254
49 72 127 230
43 88 117 242
43 76 165 222
43 96 149 186
49 76 127 222
55 72 91 258
57 68 131 198
57 88 115 162
65 56 137 222
57 72 141 190
59 72 121 186
49 76 141 218
51 84 119 182
61 84 103 174
63 64 123 214
69 52 125 234
57 64 131 234
63 76 113 186
55 80 107 194
55 68 117 238
51 72 119 222
59 60 131 254
65 48 133 274
53 60 139 274
51 76 115 234
57 56 145 274
45 68 151 274
53 72 117 242
57 52 149 302
51 56 163 302
51 76 143 194
45 88 111 238
45 80 141 238
45 76 175 214
51 72 157 198
51 76 171 178
47 76 151 206
49 84 157 162
45 100 159 154
51 84 145 166
51 64 157 218
61 56 163 206
59 68 155 190
51 68 145 218
43 80 157 210
49 68 155 210
53 72 145 198
47 92 163 158
51 68 173 198
49 80 165 182
59 68 143 194
69 60 149 182
51 124 161 102
55 128 147 90
45 132 203 98
49 116 203 106
55 120 165 98
59 88 131 142
61 84 143 158
71 72 139 158
67 88 157 130
67 52 143 250
65 52 159 222
63 52 143 262
61 64 131 198
55 72 143 194
51 64 155 222
61 64 167 182
51 68 179 190
57 64 189 190
59 60 133 226
59 56 161 214
55 60 133 238
49 72 143 218
57 72 195 174
55 80 153 166
53 88 179 150
49 68 171 206
47 68 145 238
61 80 81 214
73 64 109 210
61 60 147 214
55 68 137 198
75 68 147 166
77 68 141 166
67 60 147 190
73 68 157 158
55 108 89 174
61 120 93 130
65 120 83 134
57 84 117 170
57 100 129 130
57 96 135 146
47 112 137 142
63 88 113 150
49 108 91 186
55 120 95 142
57 100 101 162
45 120 119 162
47 116 141 134
51 100 131 142
59 100 131 126
59 104 101 142
63 80 133 162
63 96 145 122
63 100 117 122
73 104 125 118
69 108 167 106
69 84 129 142
67 148 119 94
65 112 165 102
77 120 119 106
65 108 95 138
61 124 127 106
59 108 125 118
57 100 103 146
65 120 147 102
65 96 109 138
65 108 89 142
75 92 77 182
53 116 97 170
59 80 97 190
67 88 103 170
53 100 101 182
59 96 105 154
63 108 103 126
61 116 103 126
75 92 101 150
63 68 121 186
63 84 133 146
61 84 157 154
67 80 113 158
63 84 129 150
57 52 141 326
67 44 135 318
61 44 149 362
67 48 127 290
55 52 147 330
69 56 127 226
71 52 127 226
69 52 111 266
71 60 115 214
73 56 115 214
75 48 149 230
79 64 109 202
65 56 143 214
67 56 137 202
61 108 89 150
69 96 93 154
57 96 133 150
51 116 99 162
63 84 121 158
65 80 119 170
57 88 121 154
57 72 121 206
49 84 133 198
57 68 147 194
53 96 139 146
57 72 149 186
63 64 125 186
69 76 109 174
67 84 93 182
75 80 127 150
69 64 127 182
67 76 119 166
27 180 245 146
51 96 201 134
57 84 181 154
59 80 197 158
85 76 141 146
75 52 169 194
95 44 207 226
85 52 189 190
49 76 167 182
47 104 175 130
45 96 171 162
53 92 155 150
55 88 171 154
63 88 145 134
77 88 111 142
67 84 125 146
73 84 135 138
79 88 107 154
69 108 109 122
75 84 101 166
75 100 107 130
77 52 151 202
79 56 157 186
81 52 157 198
81 72 87 210
77 60 95 238
71 56 93 254
81 64 107 210
71 56 117 226
87 64 105 206
81 60 119 194
71 48 125 286
71 56 103 242
81 60 113 210
71 56 131 218
75 56 127 198
79 56 113 238
69 56 119 246
67 44 133 326
87 40 149 290
67 52 111 282
69 48 131 258
65 48 131 306
67 52 139 258
65 52 127 286
79 48 135 226
55 112 111 130
59 88 107 178
61 92 97 158
61 100 139 118
61 104 105 130
71 92 103 146
61 80 111 182
67 68 101 190
67 76 143 150
69 68 139 170
67 80 131 154
57 64 139 198
63 68 141 182
61 80 133 166
67 84 117 150
83 88 133 130
85 76 127 158
71 96 117 134
71 84 123 146
67 96 103 150
83 92 91 162
79 76 113 170
77 88 99 166
73 68 133 170
81 76 129 158
67 60 123 222
67 76 101 182
55 72 111 222
67 64 119 194
65 64 117 210
63 76 109 194
47 76 137 226
69 76 97 178
69 60 105 222
67 72 97 206
57 72 103 214
53 80 89 254
69 60 121 214
65 56 113 262
53 68 111 254
59 68 195 170
55 104 161 118
71 68 185 162
61 80 197 146
57 100 179 122
57 80 201 162
53 96 193 130
79 40 203 266
67 48 183 246
73 44 173 266
75 40 183 286
53 112 175 110
51 140 167 90
51 128 181 98
53 136 147 90
69 40 177 310
77 40 153 298
99 40 165 286
95 40 179 250
85 40 167 270
85 40 187 254
87 36 157 314
75 40 163 302
71 40 163 350
93 40 177 254
67 144 151 78
53 168 185 78
71 144 123 94
63 128 149 86
65 152 125 86
65 176 147 74
57 148 171 82
57 144 185 86
55 152 171 78
33 92 185 246
49 56 159 366
49 56 149 378
51 60 145 338
45 64 151 358
55 52 127 370
53 60 121 326
47 64 127 346
57 52 125 374
57 60 103 346
55 56 123 326
49 60 129 346
49 64 145 318
57 56 135 298
53 64 117 294
45 68 141 298
49 80 109 262
47 72 133 254
43 72 145 278
51 76 111 246
55 64 103 262
61 56 133 258
49 68 139 258
47 84 115 218
41 84 143 230
47 72 115 262
45 96 123 198
53 64 145 258
41 76 151 258
47 80 129 222
41 100 141 198
41 92 151 214
49 80 117 226
47 80 97 270
39 112 111 238
41 88 137 222
45 88 103 246
43 112 111 182
39 92 139 242
45 100 101 226
39 104 131 222
43 100 109 254
33 120 141 214
61 52 131 318
61 56 125 290
67 56 109 282
61 56 105 306
69 48 117 302
59 52 125 330
59 56 121 310
75 44 141 262
73 52 109 262
69 56 97 266
71 44 119 294
81 52 93 266
43 124 155 134
35 136 201 122
39 140 169 110
41 128 157 126
57 56 109 342
51 60 123 342
43 92 131 210
37 104 127 238
43 88 139 198
51 80 131 218
47 80 111 246
39 100 145 226
43 108 129 178
51 88 105 206
45 84 135 214
45 80 143 202
49 72 115 250
57 64 109 238
53 72 109 262
57 64 101 270
51 76 93 294
57 60 111 286
45 80 121 262
49 72 113 270
55 72 97 238
37 116 119 246
67 60 95 270
65 52 105 302
61 68 93 230
61 72 101 222
59 76 85 254
59 60 103 262
67 60 99 246
53 76 97 238
41 112 127 190
51 84 103 214
49 108 111 150
49 84 109 218
51 92 117 174
41 96 137 206
45 104 139 166
47 104 125 182
45 136 157 102
53 104 197 122
51 108 207 122
53 92 171 138
47 112 213 122
47 100 187 138
41 124 183 126
45 116 187 118
39 104 165 178
41 96 177 178
47 80 175 178
45 108 175 134
43 100 179 158
51 96 163 146
55 76 169 166
47 124 169 106
47 124 171 102
51 120 131 118
53 100 175 134
57 88 147 146
63 80 155 142
49 104 167 126
69 48 153 242
41 136 141 130
43 108 147 158
47 128 131 118
53 128 123 110
41 140 149 114
43 120 123 158
41 128 127 158
47 92 127 178
47 116 151 122
53 120 109 126
57 108 101 150
51 116 143 114
51 108 107 162
55 116 107 138
51 108 125 138
63 120 153 98
43 120 157 126
49 120 149 106
57 116 119 122
53 132 121 122
43 136 147 110
45 120 133 138
43 124 161 118
47 92 139 166
47 104 157 142
47 124 135 118
51 116 121 134
47 132 129 122
45 140 133 122
51 148 131 106
49 132 127 114
47 136 155 94
55 120 117 118
61 120 107 114
59 128 113 102
57 128 121 110
59 100 95 166
45 128 117 154
53 112 101 170
55 108 107 146
61 108 91 146
55 120 123 110
47 120 135 134
59 116 97 134
57 116 105 142
59 116 83 154
55 132 103 134
61 96 77 198
61 112 85 162
57 48 157 342
59 48 145 350
85 48 133 242
81 44 157 238
75 52 135 222
79 44 143 250
63 56 113 302
69 44 139 282
87 52 121 230
41 128 153 130
47 116 131 138
43 112 167 134
47 120 143 118
53 120 135 110
41 132 161 114
39 116 183 142
41 116 179 142
35 136 175 138
39 124 117 170
41 112 153 150
55 84 131 166
41 108 149 158
45 128 141 118
49 108 153 134
43 128 119 146
45 116 155 126
55 96 141 142
49 96 141 150
53 108 157 122
49 100 141 138
45 100 157 158
45 112 151 134
57 108 113 134
43 116 143 146
45 100 129 174
43 104 157 154
53 84 143 170
47 84 143 178
41 100 153 186
55 92 117 162
43 88 159 186
53 88 145 162
43 100 153 162
55 84 85 218
53 116 89 182
43 120 115 170
51 104 105 170
49 100 125 170
43 104 125 186
51 104 97 202
45 124 95 174
61 96 83 174
61 84 109 170
59 104 89 162
47 96 105 202
57 88 93 190
45 96 129 190
53 96 113 174
47 84 131 214
51 96 115 166
55 100 93 182
55 104 101 158
47 112 109 198
49 88 99 230
57 104 97 154
61 76 95 206
55 96 111 174
49 96 101 206
57 100 87 190
53 88 119 170
51 92 93 214
57 96 105 162
51 80 103 234
59 96 101 158
57 92 101 186
57 80 97 202
57 88 109 166
53 108 97 182
59 84 103 182
55 80 103 214
65 76 89 206
69 80 89 198
53 80 113 222
35 144 175 130
35 120 173 170
47 116 109 190
35 136 123 198
43 136 81 218
43 128 87 222
43 120 105 186
47 128 91 178
39 136 99 218
49 128 87 174
55 92 81 226
41 120 91 226
41 136 201 106
43 108 173 142
35 128 185 150
45 124 181 106
39 104 181 170
47 92 165 150
45 112 147 146
43 104 183 150
43 116 215 126
49 96 191 146
43 88 173 178
39 124 187 130
43 108 163 146
